|1|;|77|;|1|
|2|;|77|;|2|
|3|;|77|;|3|
|4|;|77|;|4|
|5|;|77|;|5|
|6|;|78|;|6|
|7|;|78|;|7|
|8|;|78|;|8|
|9|;|78|;|9|
|10|;|78|;|10|
|11|;|79|;|11|
|12|;|79|;|12|
|13|;|79|;|13|
|14|;|79|;|14|
|15|;|79|;|15|
|16|;|81|;|16|
|17|;|81|;|17|
|18|;|81|;|18|
|19|;|81|;|19|
|20|;|81|;|20|
|21|;|82|;|21|
|22|;|82|;|22|
|23|;|82|;|23|
|24|;|82|;|24|
|25|;|82|;|25|
|26|;|83|;|26|
|27|;|83|;|27|
|28|;|83|;|28|
|29|;|83|;|29|
|30|;|83|;|30|
|31|;|87|;|31|
|32|;|87|;|32|
|33|;|87|;|33|
|34|;|87|;|34|
|35|;|87|;|35|
|36|;|88|;|36|
|37|;|88|;|37|
|38|;|88|;|38|
|39|;|88|;|39|
|40|;|88|;|40|
|41|;|89|;|41|
|42|;|89|;|42|
|43|;|89|;|43|
|44|;|89|;|44|
|45|;|89|;|45|
|46|;|90|;|46|
|47|;|90|;|47|
|48|;|90|;|48|
|49|;|90|;|49|
|50|;|90|;|50|
|51|;|91|;|51|
|52|;|91|;|52|
|53|;|91|;|53|
|54|;|91|;|54|
|55|;|92|;|55|
|56|;|92|;|56|
|57|;|92|;|57|
|58|;|92|;|58|
|59|;|92|;|59|
|60|;|93|;|60|
|61|;|93|;|61|
|62|;|93|;|62|
|63|;|93|;|63|
|64|;|93|;|64|
|65|;|94|;|65|
|66|;|94|;|66|
|67|;|94|;|67|
|68|;|94|;|68|
|69|;|94|;|69|
|70|;|95|;|70|
|71|;|95|;|71|
|72|;|95|;|72|
|73|;|95|;|73|
|74|;|95|;|74|
|75|;|96|;|75|
|76|;|96|;|76|
|77|;|96|;|77|
|78|;|96|;|78|
|79|;|96|;|79|
|80|;|97|;|80|
|81|;|97|;|81|
|82|;|97|;|82|
|83|;|97|;|83|
|84|;|97|;|84|
|85|;|98|;|85|
|86|;|98|;|86|
|87|;|98|;|87|
|88|;|98|;|88|
|89|;|98|;|89|
|90|;|101|;|90|
|91|;|101|;|91|
|92|;|101|;|92|
|93|;|101|;|93|
|94|;|101|;|94|
|95|;|102|;|95|
|96|;|102|;|96|
|97|;|102|;|97|
|98|;|102|;|98|
|99|;|102|;|99|
|100|;|103|;|100|
|101|;|103|;|101|
|102|;|103|;|102|
|103|;|103|;|103|
|104|;|104|;|104|
|105|;|104|;|105|
|106|;|104|;|106|
|107|;|104|;|107|
|108|;|104|;|108|
|109|;|105|;|109|
|110|;|105|;|110|
|111|;|105|;|111|
|112|;|105|;|112|
|113|;|105|;|113|
|114|;|106|;|114|
|115|;|106|;|115|
|116|;|106|;|116|
|117|;|106|;|117|
|118|;|106|;|118|
|119|;|107|;|119|
|120|;|107|;|120|
|121|;|107|;|121|
|122|;|107|;|122|
|123|;|108|;|123|
|124|;|108|;|124|
|125|;|108|;|125|
|126|;|108|;|126|
|127|;|108|;|127|
|128|;|110|;|128|
|129|;|110|;|129|
|130|;|110|;|130|
|131|;|110|;|131|
|132|;|111|;|132|
|133|;|111|;|133|
|134|;|111|;|134|
|135|;|111|;|135|
|136|;|112|;|136|
|137|;|112|;|137|
|138|;|112|;|138|
|139|;|112|;|139|
|140|;|113|;|140|
|141|;|113|;|141|
|142|;|113|;|142|
|143|;|113|;|143|
|144|;|113|;|144|
|145|;|129|;|145|
|146|;|129|;|146|
|147|;|129|;|147|
|148|;|129|;|148|
|149|;|130|;|149|
|150|;|130|;|150|
|151|;|130|;|151|
|152|;|130|;|152|
|153|;|132|;|153|
|154|;|132|;|154|
|155|;|132|;|155|
|156|;|132|;|156|
|157|;|132|;|157|
|158|;|136|;|158|
|159|;|136|;|159|
|160|;|136|;|160|
|161|;|136|;|161|
|162|;|137|;|162|
|163|;|137|;|163|
|164|;|137|;|164|
|165|;|137|;|165|
|166|;|138|;|166|
|167|;|138|;|167|
|168|;|138|;|168|
|169|;|138|;|169|
|170|;|138|;|170|
|171|;|140|;|171|
|172|;|140|;|172|
|173|;|140|;|173|
|174|;|140|;|174|
|175|;|140|;|175|
|176|;|142|;|176|
|177|;|142|;|177|
|178|;|142|;|178|
|179|;|142|;|179|
|180|;|144|;|180|
|181|;|144|;|181|
|182|;|144|;|182|
|183|;|144|;|183|
|184|;|144|;|184|
|185|;|145|;|185|
|186|;|145|;|186|
|187|;|145|;|187|
|188|;|145|;|188|
|189|;|145|;|189|
|190|;|146|;|190|
|191|;|146|;|191|
|192|;|146|;|192|
|193|;|146|;|193|
|194|;|148|;|194|
|195|;|148|;|195|
|196|;|148|;|196|
|197|;|148|;|197|
|198|;|148|;|198|
|199|;|149|;|199|
|200|;|149|;|200|
|201|;|149|;|201|
|202|;|149|;|202|
|203|;|149|;|203|
|204|;|150|;|204|
|205|;|150|;|205|
|206|;|150|;|206|
|207|;|150|;|207|
|208|;|150|;|208|
|209|;|151|;|209|
|210|;|151|;|210|
|211|;|151|;|211|
|212|;|151|;|212|
|213|;|152|;|213|
|214|;|152|;|214|
|215|;|152|;|215|
|216|;|152|;|216|
|217|;|152|;|217|
|218|;|156|;|218|
|219|;|156|;|219|
|220|;|156|;|220|
|221|;|156|;|221|
|222|;|157|;|222|
|223|;|157|;|223|
|224|;|157|;|224|
|225|;|157|;|225|
|226|;|158|;|226|
|227|;|158|;|227|
|228|;|158|;|228|
|229|;|158|;|229|
|230|;|158|;|230|
|231|;|163|;|231|
|232|;|163|;|232|
|233|;|163|;|233|
|234|;|163|;|234|
|235|;|164|;|235|
|236|;|164|;|236|
|237|;|164|;|237|
|238|;|164|;|238|
|239|;|164|;|239|
|240|;|166|;|240|
|241|;|166|;|241|
|242|;|166|;|242|
|243|;|166|;|243|
|244|;|167|;|244|
|245|;|167|;|245|
|246|;|167|;|246|
|247|;|167|;|247|
|248|;|171|;|248|
|249|;|171|;|249|
|250|;|171|;|250|
|251|;|171|;|251|
|252|;|171|;|252|
|253|;|172|;|253|
|254|;|172|;|254|
|255|;|172|;|255|
|256|;|172|;|256|
|257|;|172|;|257|
|258|;|173|;|258|
|259|;|173|;|259|
|260|;|173|;|260|
|261|;|173|;|261|
|262|;|173|;|262|
|263|;|175|;|263|
|264|;|175|;|264|
|265|;|175|;|265|
|266|;|175|;|266|
|267|;|175|;|267|
|268|;|176|;|268|
|269|;|176|;|269|
|270|;|176|;|270|
|271|;|176|;|271|
|272|;|176|;|272|
|273|;|177|;|273|
|274|;|177|;|274|
|275|;|177|;|275|
|276|;|177|;|276|
|277|;|177|;|277|
|278|;|178|;|278|
|279|;|178|;|279|
|280|;|178|;|280|
|281|;|178|;|281|
|282|;|178|;|282|
|283|;|183|;|283|
|284|;|183|;|284|
|285|;|183|;|285|
|286|;|183|;|286|
|287|;|183|;|287|
|288|;|185|;|288|
|289|;|185|;|289|
|290|;|185|;|290|
|291|;|185|;|291|
|292|;|185|;|292|
|293|;|187|;|293|
|294|;|187|;|294|
|295|;|187|;|295|
|296|;|187|;|296|
|297|;|187|;|297|
|298|;|190|;|298|
|299|;|190|;|299|
|300|;|190|;|300|
|301|;|190|;|301|
|302|;|190|;|302|
|303|;|192|;|303|
|304|;|192|;|304|
|305|;|192|;|305|
|306|;|192|;|306|
|307|;|200|;|307|
|308|;|200|;|308|
|309|;|200|;|309|
|310|;|200|;|310|
|311|;|200|;|311|
|312|;|201|;|312|
|313|;|201|;|313|
|314|;|201|;|314|
|315|;|201|;|315|
|316|;|201|;|316|
|317|;|206|;|317|
|318|;|206|;|318|
|319|;|206|;|319|
|320|;|206|;|320|
|321|;|206|;|321|
|322|;|213|;|322|
|323|;|213|;|323|
|324|;|213|;|324|
|325|;|213|;|325|
|326|;|213|;|326|
|327|;|214|;|327|
|328|;|214|;|328|
|329|;|214|;|329|
|330|;|214|;|330|
|331|;|214|;|331|
|332|;|215|;|332|
|333|;|215|;|333|
|334|;|215|;|334|
|335|;|215|;|335|
|336|;|215|;|336|
|337|;|216|;|337|
|338|;|216|;|338|
|339|;|216|;|339|
|340|;|216|;|340|
|341|;|217|;|341|
|342|;|217|;|342|
|343|;|217|;|343|
|344|;|217|;|344|
|345|;|218|;|345|
|346|;|218|;|346|
|347|;|218|;|347|
|348|;|218|;|348|
|349|;|219|;|349|
|350|;|219|;|350|
|351|;|219|;|351|
|352|;|219|;|352|
|353|;|220|;|353|
|354|;|220|;|354|
|355|;|220|;|355|
|356|;|220|;|356|
|357|;|222|;|357|
|358|;|222|;|358|
|359|;|222|;|359|
|360|;|222|;|360|
|361|;|222|;|361|
|362|;|223|;|362|
|363|;|223|;|363|
|364|;|223|;|364|
|365|;|223|;|365|
|366|;|223|;|366|
|367|;|224|;|367|
|368|;|224|;|368|
|369|;|224|;|369|
|370|;|224|;|370|
|371|;|228|;|371|
|372|;|228|;|372|
|373|;|228|;|373|
|374|;|228|;|374|
|375|;|228|;|375|
|376|;|229|;|376|
|377|;|229|;|377|
|378|;|229|;|378|
|379|;|229|;|379|
|380|;|229|;|380|
|381|;|232|;|381|
|382|;|232|;|382|
|383|;|232|;|383|
|384|;|232|;|384|
|385|;|232|;|385|
|386|;|234|;|386|
|387|;|234|;|387|
|388|;|234|;|388|
|389|;|234|;|389|
|390|;|234|;|390|
|391|;|236|;|391|
|392|;|236|;|392|
|393|;|236|;|393|
|394|;|236|;|394|
|395|;|236|;|395|
|396|;|237|;|396|
|397|;|237|;|397|
|398|;|237|;|398|
|399|;|237|;|399|
|400|;|237|;|400|
|401|;|238|;|401|
|402|;|238|;|402|
|403|;|238|;|403|
|404|;|238|;|404|
|405|;|238|;|405|
|406|;|239|;|406|
|407|;|239|;|407|
|408|;|239|;|408|
|409|;|239|;|409|
|410|;|241|;|410|
|411|;|241|;|411|
|412|;|241|;|412|
|413|;|241|;|413|
|414|;|242|;|414|
|415|;|242|;|415|
|416|;|242|;|416|
|417|;|242|;|417|
|418|;|243|;|418|
|419|;|243|;|419|
|420|;|243|;|420|
|421|;|243|;|421|
|422|;|243|;|422|
|423|;|254|;|423|
|424|;|254|;|424|
|425|;|254|;|425|
|426|;|254|;|426|
|427|;|255|;|427|
|428|;|255|;|428|
|429|;|255|;|429|
|430|;|255|;|430|
|431|;|256|;|431|
|432|;|256|;|432|
|433|;|256|;|433|
|434|;|256|;|434|
|435|;|256|;|435|
|436|;|257|;|436|
|437|;|257|;|437|
|438|;|257|;|438|
|439|;|257|;|439|
|440|;|257|;|440|
|441|;|258|;|441|
|442|;|258|;|442|
|443|;|258|;|443|
|444|;|258|;|444|
|445|;|258|;|445|
|446|;|259|;|446|
|447|;|259|;|447|
|448|;|259|;|448|
|449|;|259|;|449|
|450|;|259|;|450|
|451|;|260|;|451|
|452|;|260|;|452|
|453|;|260|;|453|
|454|;|260|;|454|
|455|;|260|;|455|
|456|;|261|;|456|
|457|;|261|;|457|
|458|;|261|;|458|
|459|;|261|;|459|
|460|;|261|;|460|
|461|;|262|;|461|
|462|;|262|;|462|
|463|;|262|;|463|
|464|;|262|;|464|
|465|;|262|;|465|
|466|;|263|;|466|
|467|;|263|;|467|
|468|;|263|;|468|
|469|;|263|;|469|
|470|;|263|;|470|
|471|;|264|;|471|
|472|;|264|;|472|
|473|;|264|;|473|
|474|;|264|;|474|
|475|;|266|;|475|
|476|;|266|;|476|
|477|;|266|;|477|
|478|;|266|;|478|
|479|;|266|;|479|
|480|;|267|;|480|
|481|;|267|;|481|
|482|;|267|;|482|
|483|;|267|;|483|
|484|;|267|;|484|
|485|;|270|;|485|
|486|;|270|;|486|
|487|;|270|;|487|
|488|;|270|;|488|
|489|;|270|;|489|
|490|;|271|;|490|
|491|;|271|;|491|
|492|;|271|;|492|
|493|;|271|;|493|
|494|;|272|;|494|
|495|;|272|;|495|
|496|;|272|;|496|
|497|;|272|;|497|
|498|;|272|;|498|
|499|;|273|;|499|
|500|;|273|;|500|
|501|;|273|;|501|
|502|;|273|;|502|
|503|;|273|;|503|
|504|;|274|;|504|
|505|;|274|;|505|
|506|;|274|;|506|
|507|;|274|;|507|
|508|;|274|;|508|
|509|;|276|;|509|
|510|;|276|;|510|
|511|;|276|;|511|
|512|;|276|;|512|
|513|;|276|;|513|
|514|;|277|;|514|
|515|;|277|;|515|
|516|;|277|;|516|
|517|;|277|;|517|
|518|;|277|;|518|
|519|;|278|;|519|
|520|;|278|;|520|
|521|;|278|;|521|
|522|;|278|;|522|
|523|;|278|;|523|
|524|;|279|;|524|
|525|;|279|;|525|
|526|;|279|;|526|
|527|;|279|;|527|
|528|;|279|;|528|
|529|;|281|;|529|
|530|;|281|;|530|
|531|;|281|;|531|
|532|;|281|;|532|
|533|;|281|;|533|
