|10240|;|166|;|10240|
|1|;|77|;|1|
|2|;|77|;|2|
|3|;|77|;|3|
|4|;|77|;|4|
|5|;|77|;|5|
|6|;|78|;|6|
|7|;|78|;|7|
|8|;|78|;|8|
|9|;|78|;|9|
|10|;|78|;|10|
|11|;|79|;|11|
|12|;|79|;|12|
|13|;|79|;|13|
|14|;|79|;|14|
|15|;|79|;|15|
|16|;|81|;|16|
|17|;|81|;|17|
|18|;|81|;|18|
|19|;|81|;|19|
|20|;|81|;|20|
|21|;|82|;|21|
|22|;|82|;|22|
|23|;|82|;|23|
|24|;|82|;|24|
|25|;|82|;|25|
|26|;|83|;|26|
|27|;|83|;|27|
|28|;|83|;|28|
|29|;|83|;|29|
|30|;|83|;|30|
|31|;|87|;|31|
|32|;|87|;|32|
|33|;|87|;|33|
|34|;|87|;|34|
|35|;|87|;|35|
|36|;|88|;|36|
|37|;|88|;|37|
|38|;|88|;|38|
|39|;|88|;|39|
|40|;|88|;|40|
|41|;|89|;|41|
|42|;|89|;|42|
|43|;|89|;|43|
|44|;|89|;|44|
|45|;|89|;|45|
|46|;|90|;|46|
|47|;|90|;|47|
|48|;|90|;|48|
|49|;|90|;|49|
|50|;|90|;|50|
|51|;|91|;|51|
|52|;|91|;|52|
|53|;|91|;|53|
|54|;|91|;|54|
|55|;|92|;|55|
|56|;|92|;|56|
|57|;|92|;|57|
|58|;|92|;|58|
|59|;|92|;|59|
|60|;|93|;|60|
|61|;|93|;|61|
|62|;|93|;|62|
|63|;|93|;|63|
|64|;|93|;|64|
|65|;|94|;|65|
|66|;|94|;|66|
|67|;|94|;|67|
|68|;|94|;|68|
|69|;|94|;|69|
|70|;|95|;|70|
|71|;|95|;|71|
|72|;|95|;|72|
|73|;|95|;|73|
|74|;|95|;|74|
|75|;|96|;|75|
|76|;|96|;|76|
|77|;|96|;|77|
|78|;|96|;|78|
|79|;|96|;|79|
|80|;|97|;|80|
|81|;|97|;|81|
|82|;|97|;|82|
|83|;|97|;|83|
|84|;|97|;|84|
|85|;|98|;|85|
|86|;|98|;|86|
|87|;|98|;|87|
|88|;|98|;|88|
|89|;|98|;|89|
|90|;|101|;|90|
|91|;|101|;|91|
|92|;|101|;|92|
|93|;|101|;|93|
|94|;|101|;|94|
|95|;|102|;|95|
|96|;|102|;|96|
|97|;|102|;|97|
|98|;|102|;|98|
|99|;|102|;|99|
|100|;|103|;|100|
|101|;|103|;|101|
|102|;|103|;|102|
|103|;|103|;|103|
|104|;|104|;|104|
|105|;|104|;|105|
|106|;|104|;|106|
|107|;|104|;|107|
|108|;|104|;|108|
|109|;|105|;|109|
|110|;|105|;|110|
|111|;|105|;|111|
|112|;|105|;|112|
|113|;|105|;|113|
|114|;|106|;|114|
|115|;|106|;|115|
|116|;|106|;|116|
|117|;|106|;|117|
|118|;|106|;|118|
|119|;|107|;|119|
|120|;|107|;|120|
|121|;|107|;|121|
|122|;|107|;|122|
|123|;|108|;|123|
|124|;|108|;|124|
|125|;|108|;|125|
|126|;|108|;|126|
|127|;|108|;|127|
|128|;|110|;|128|
|129|;|110|;|129|
|130|;|110|;|130|
|131|;|110|;|131|
|132|;|111|;|132|
|133|;|111|;|133|
|134|;|111|;|134|
|135|;|111|;|135|
|136|;|112|;|136|
|137|;|112|;|137|
|138|;|112|;|138|
|139|;|112|;|139|
|140|;|113|;|140|
|141|;|113|;|141|
|142|;|113|;|142|
|143|;|113|;|143|
|144|;|113|;|144|
|145|;|129|;|145|
|146|;|129|;|146|
|147|;|129|;|147|
|148|;|129|;|148|
|149|;|130|;|149|
|150|;|130|;|150|
|151|;|130|;|151|
|152|;|130|;|152|
|153|;|132|;|153|
|154|;|132|;|154|
|155|;|132|;|155|
|156|;|132|;|156|
|157|;|132|;|157|
|158|;|136|;|158|
|159|;|136|;|159|
|160|;|136|;|160|
|161|;|136|;|161|
|162|;|137|;|162|
|163|;|137|;|163|
|164|;|137|;|164|
|165|;|137|;|165|
|166|;|138|;|166|
|167|;|138|;|167|
|168|;|138|;|168|
|169|;|138|;|169|
|170|;|138|;|170|
|171|;|140|;|171|
|172|;|140|;|172|
|173|;|140|;|173|
|174|;|140|;|174|
|175|;|140|;|175|
|176|;|142|;|176|
|177|;|142|;|177|
|178|;|142|;|178|
|179|;|142|;|179|
|180|;|144|;|180|
|181|;|144|;|181|
|182|;|144|;|182|
|183|;|144|;|183|
|184|;|144|;|184|
|185|;|145|;|185|
|186|;|145|;|186|
|187|;|145|;|187|
|188|;|145|;|188|
|189|;|145|;|189|
|190|;|146|;|190|
|191|;|146|;|191|
|192|;|146|;|192|
|193|;|146|;|193|
|194|;|148|;|194|
|195|;|148|;|195|
|196|;|148|;|196|
|197|;|148|;|197|
|198|;|148|;|198|
|199|;|149|;|199|
|200|;|149|;|200|
|201|;|149|;|201|
|202|;|149|;|202|
|203|;|149|;|203|
|204|;|150|;|204|
|205|;|150|;|205|
|206|;|150|;|206|
|207|;|150|;|207|
|208|;|150|;|208|
|209|;|151|;|209|
|210|;|151|;|210|
|211|;|151|;|211|
|212|;|151|;|212|
|213|;|152|;|213|
|214|;|152|;|214|
|215|;|152|;|215|
|216|;|152|;|216|
|217|;|152|;|217|
|218|;|156|;|218|
|219|;|156|;|219|
|220|;|156|;|220|
|221|;|156|;|221|
|222|;|157|;|222|
|223|;|157|;|223|
|224|;|157|;|224|
|225|;|157|;|225|
|226|;|158|;|226|
|227|;|158|;|227|
|228|;|158|;|228|
|229|;|158|;|229|
|230|;|158|;|230|
|231|;|163|;|231|
|232|;|163|;|232|
|233|;|163|;|233|
|234|;|163|;|234|
|235|;|164|;|235|
|236|;|164|;|236|
|237|;|164|;|237|
|238|;|164|;|238|
|239|;|164|;|239|
|240|;|166|;|240|
|241|;|166|;|241|
|242|;|166|;|242|
|243|;|166|;|243|
|244|;|167|;|244|
|245|;|167|;|245|
|246|;|167|;|246|
|247|;|167|;|247|
|248|;|171|;|248|
|249|;|171|;|249|
|250|;|171|;|250|
|251|;|171|;|251|
|252|;|171|;|252|
|253|;|172|;|253|
|254|;|172|;|254|
|255|;|172|;|255|
|256|;|172|;|256|
|257|;|172|;|257|
|258|;|173|;|258|
|259|;|173|;|259|
|260|;|173|;|260|
|261|;|173|;|261|
|262|;|173|;|262|
|263|;|175|;|263|
|264|;|175|;|264|
|265|;|175|;|265|
|266|;|175|;|266|
|267|;|175|;|267|
|268|;|176|;|268|
|269|;|176|;|269|
|270|;|176|;|270|
|271|;|176|;|271|
|272|;|176|;|272|
|273|;|177|;|273|
|274|;|177|;|274|
|275|;|177|;|275|
|276|;|177|;|276|
|277|;|177|;|277|
|278|;|178|;|278|
|279|;|178|;|279|
|280|;|178|;|280|
|281|;|178|;|281|
|282|;|178|;|282|
|283|;|183|;|283|
|284|;|183|;|284|
|285|;|183|;|285|
|286|;|183|;|286|
|287|;|183|;|287|
|288|;|185|;|288|
|289|;|185|;|289|
|290|;|185|;|290|
|291|;|185|;|291|
|292|;|185|;|292|
|293|;|187|;|293|
|294|;|187|;|294|
|295|;|187|;|295|
|296|;|187|;|296|
|297|;|187|;|297|
|298|;|190|;|298|
|299|;|190|;|299|
|300|;|190|;|300|
|301|;|190|;|301|
|302|;|190|;|302|
|303|;|192|;|303|
|304|;|192|;|304|
|305|;|192|;|305|
|306|;|192|;|306|
|307|;|200|;|307|
|308|;|200|;|308|
|309|;|200|;|309|
|310|;|200|;|310|
|311|;|200|;|311|
|312|;|201|;|312|
|313|;|201|;|313|
|314|;|201|;|314|
|315|;|201|;|315|
|316|;|201|;|316|
|317|;|206|;|317|
|318|;|206|;|318|
|319|;|206|;|319|
|320|;|206|;|320|
|321|;|206|;|321|
|322|;|213|;|322|
|323|;|213|;|323|
|324|;|213|;|324|
|325|;|213|;|325|
|326|;|213|;|326|
|327|;|214|;|327|
|328|;|214|;|328|
|329|;|214|;|329|
|330|;|214|;|330|
|331|;|214|;|331|
|332|;|215|;|332|
|333|;|215|;|333|
|334|;|215|;|334|
|335|;|215|;|335|
|336|;|215|;|336|
|337|;|216|;|337|
|338|;|216|;|338|
|339|;|216|;|339|
|340|;|216|;|340|
|341|;|217|;|341|
|342|;|217|;|342|
|343|;|217|;|343|
|344|;|217|;|344|
|345|;|218|;|345|
|346|;|218|;|346|
|347|;|218|;|347|
|348|;|218|;|348|
|349|;|219|;|349|
|350|;|219|;|350|
|351|;|219|;|351|
|352|;|219|;|352|
|353|;|220|;|353|
|354|;|220|;|354|
|355|;|220|;|355|
|356|;|220|;|356|
|357|;|222|;|357|
|358|;|222|;|358|
|359|;|222|;|359|
|360|;|222|;|360|
|361|;|222|;|361|
|362|;|223|;|362|
|363|;|223|;|363|
|364|;|223|;|364|
|365|;|223|;|365|
|366|;|223|;|366|
|367|;|224|;|367|
|368|;|224|;|368|
|369|;|224|;|369|
|370|;|224|;|370|
|371|;|228|;|371|
|372|;|228|;|372|
|373|;|228|;|373|
|374|;|228|;|374|
|375|;|228|;|375|
|376|;|229|;|376|
|377|;|229|;|377|
|378|;|229|;|378|
|379|;|229|;|379|
|380|;|229|;|380|
|381|;|232|;|381|
|382|;|232|;|382|
|383|;|232|;|383|
|384|;|232|;|384|
|385|;|232|;|385|
|386|;|234|;|386|
|387|;|234|;|387|
|388|;|234|;|388|
|389|;|234|;|389|
|390|;|234|;|390|
|391|;|236|;|391|
|392|;|236|;|392|
|393|;|236|;|393|
|394|;|236|;|394|
|395|;|236|;|395|
|396|;|237|;|396|
|397|;|237|;|397|
|398|;|237|;|398|
|399|;|237|;|399|
|400|;|237|;|400|
|401|;|238|;|401|
|402|;|238|;|402|
|403|;|238|;|403|
|404|;|238|;|404|
|405|;|238|;|405|
|406|;|239|;|406|
|407|;|239|;|407|
|408|;|239|;|408|
|409|;|239|;|409|
|410|;|241|;|410|
|411|;|241|;|411|
|412|;|241|;|412|
|413|;|241|;|413|
|414|;|242|;|414|
|415|;|242|;|415|
|416|;|242|;|416|
|417|;|242|;|417|
|418|;|243|;|418|
|419|;|243|;|419|
|420|;|243|;|420|
|421|;|243|;|421|
|422|;|243|;|422|
|423|;|254|;|423|
|424|;|254|;|424|
|425|;|254|;|425|
|426|;|254|;|426|
|427|;|255|;|427|
|428|;|255|;|428|
|429|;|255|;|429|
|430|;|255|;|430|
|431|;|256|;|431|
|432|;|256|;|432|
|433|;|256|;|433|
|434|;|256|;|434|
|435|;|256|;|435|
|436|;|257|;|436|
|437|;|257|;|437|
|438|;|257|;|438|
|439|;|257|;|439|
|440|;|257|;|440|
|441|;|258|;|441|
|442|;|258|;|442|
|443|;|258|;|443|
|444|;|258|;|444|
|445|;|258|;|445|
|446|;|259|;|446|
|447|;|259|;|447|
|448|;|259|;|448|
|449|;|259|;|449|
|450|;|259|;|450|
|451|;|260|;|451|
|452|;|260|;|452|
|453|;|260|;|453|
|454|;|260|;|454|
|455|;|260|;|455|
|456|;|261|;|456|
|457|;|261|;|457|
|458|;|261|;|458|
|459|;|261|;|459|
|460|;|261|;|460|
|461|;|262|;|461|
|462|;|262|;|462|
|463|;|262|;|463|
|464|;|262|;|464|
|465|;|262|;|465|
|466|;|263|;|466|
|467|;|263|;|467|
|468|;|263|;|468|
|469|;|263|;|469|
|470|;|263|;|470|
|471|;|264|;|471|
|472|;|264|;|472|
|473|;|264|;|473|
|474|;|264|;|474|
|475|;|266|;|475|
|476|;|266|;|476|
|477|;|266|;|477|
|478|;|266|;|478|
|479|;|266|;|479|
|480|;|267|;|480|
|481|;|267|;|481|
|482|;|267|;|482|
|483|;|267|;|483|
|484|;|267|;|484|
|485|;|270|;|485|
|486|;|270|;|486|
|487|;|270|;|487|
|488|;|270|;|488|
|489|;|270|;|489|
|490|;|271|;|490|
|491|;|271|;|491|
|492|;|271|;|492|
|493|;|271|;|493|
|494|;|272|;|494|
|495|;|272|;|495|
|496|;|272|;|496|
|497|;|272|;|497|
|498|;|272|;|498|
|499|;|273|;|499|
|500|;|273|;|500|
|501|;|273|;|501|
|502|;|273|;|502|
|503|;|273|;|503|
|504|;|274|;|504|
|505|;|274|;|505|
|506|;|274|;|506|
|507|;|274|;|507|
|508|;|274|;|508|
|509|;|276|;|509|
|510|;|276|;|510|
|511|;|276|;|511|
|512|;|276|;|512|
|513|;|276|;|513|
|514|;|277|;|514|
|515|;|277|;|515|
|516|;|277|;|516|
|517|;|277|;|517|
|518|;|277|;|518|
|519|;|278|;|519|
|520|;|278|;|520|
|521|;|278|;|521|
|522|;|278|;|522|
|523|;|278|;|523|
|524|;|279|;|524|
|525|;|279|;|525|
|526|;|279|;|526|
|527|;|279|;|527|
|528|;|279|;|528|
|529|;|281|;|529|
|530|;|281|;|530|
|531|;|281|;|531|
|532|;|281|;|532|
|533|;|281|;|533|
|10329|;|214|;|10329|
|10247|;|167|;|10247|
|10330|;|214|;|10330|
|10331|;|214|;|10331|
|10332|;|215|;|10332|
|10301|;|190|;|10301|
|10333|;|215|;|10333|
|10316|;|201|;|10316|
|10334|;|215|;|10334|
|10248|;|171|;|10248|
|10335|;|215|;|10335|
|10342|;|217|;|10342|
|10336|;|215|;|10336|
|10337|;|216|;|10337|
|10338|;|216|;|10338|
|10317|;|206|;|10317|
|10339|;|216|;|10339|
|10249|;|171|;|10249|
|10340|;|216|;|10340|
|10341|;|217|;|10341|
|10298|;|190|;|10298|
|10315|;|201|;|10315|
|10343|;|217|;|10343|
|10318|;|206|;|10318|
|10344|;|217|;|10344|
|10250|;|171|;|10250|
|10345|;|218|;|10345|
|10346|;|218|;|10346|
|10347|;|218|;|10347|
|10348|;|218|;|10348|
|10319|;|206|;|10319|
|10349|;|219|;|10349|
|10251|;|171|;|10251|
|10350|;|219|;|10350|
|10351|;|219|;|10351|
|10352|;|219|;|10352|
|10297|;|187|;|10297|
|10353|;|220|;|10353|
|10320|;|206|;|10320|
|10354|;|220|;|10354|
|10252|;|171|;|10252|
|10355|;|220|;|10355|
|10356|;|220|;|10356|
|10357|;|222|;|10357|
|10302|;|190|;|10302|
|10358|;|222|;|10358|
|10321|;|206|;|10321|
|10359|;|222|;|10359|
|10253|;|172|;|10253|
|10360|;|222|;|10360|
|10361|;|222|;|10361|
|10362|;|223|;|10362|
|10363|;|223|;|10363|
|10322|;|213|;|10322|
|10364|;|223|;|10364|
|10254|;|172|;|10254|
|10365|;|223|;|10365|
|10366|;|223|;|10366|
|10367|;|224|;|10367|
|10368|;|224|;|10368|
|10323|;|213|;|10323|
|10369|;|224|;|10369|
|10255|;|172|;|10255|
|10370|;|224|;|10370|
|10371|;|228|;|10371|
|10372|;|228|;|10372|
|10373|;|228|;|10373|
|10324|;|213|;|10324|
|10374|;|228|;|10374|
|10256|;|172|;|10256|
|10375|;|228|;|10375|
|10312|;|201|;|10312|
|10376|;|229|;|10376|
|10377|;|229|;|10377|
|10378|;|229|;|10378|
|10325|;|213|;|10325|
|10379|;|229|;|10379|
|10257|;|172|;|10257|
|10380|;|229|;|10380|
|10381|;|232|;|10381|
|10382|;|232|;|10382|
|10303|;|192|;|10303|
|10383|;|232|;|10383|
|10326|;|213|;|10326|
|10384|;|232|;|10384|
|10258|;|173|;|10258|
|10385|;|232|;|10385|
|10386|;|234|;|10386|
|10387|;|234|;|10387|
|10388|;|234|;|10388|
|10327|;|214|;|10327|
|10389|;|234|;|10389|
|10259|;|173|;|10259|
|10390|;|234|;|10390|
|10391|;|236|;|10391|
|10392|;|236|;|10392|
|10393|;|236|;|10393|
|10328|;|214|;|10328|
|10394|;|236|;|10394|
|10260|;|173|;|10260|
|10395|;|236|;|10395|
|10396|;|237|;|10396|
|10397|;|237|;|10397|
|10398|;|237|;|10398|
|10290|;|185|;|10290|
|10399|;|237|;|10399|
|10261|;|173|;|10261|
|10400|;|237|;|10400|
|10244|;|167|;|10244|
|10401|;|238|;|10401|
|10402|;|238|;|10402|
|10403|;|238|;|10403|
|10404|;|238|;|10404|
|10262|;|173|;|10262|
|10405|;|238|;|10405|
|10406|;|239|;|10406|
|10407|;|239|;|10407|
|10408|;|239|;|10408|
|10304|;|192|;|10304|
|10409|;|239|;|10409|
|10263|;|175|;|10263|
|10410|;|241|;|10410|
|10411|;|241|;|10411|
|10412|;|241|;|10412|
|10413|;|241|;|10413|
|10414|;|242|;|10414|
|10264|;|175|;|10264|
|10415|;|242|;|10415|
|10416|;|242|;|10416|
|10417|;|242|;|10417|
|10418|;|243|;|10418|
|10419|;|243|;|10419|
|10265|;|175|;|10265|
|10296|;|187|;|10296|
|10243|;|166|;|10243|
|10421|;|243|;|10421|
|10422|;|243|;|10422|
|10423|;|254|;|10423|
|10291|;|185|;|10291|
|10424|;|254|;|10424|
|10266|;|175|;|10266|
|10425|;|254|;|10425|
|10426|;|254|;|10426|
|10427|;|255|;|10427|
|10428|;|255|;|10428|
|10429|;|255|;|10429|
|10267|;|175|;|10267|
|10430|;|255|;|10430|
|10431|;|256|;|10431|
|10432|;|256|;|10432|
|10433|;|256|;|10433|
|10305|;|192|;|10305|
|10434|;|256|;|10434|
|10268|;|176|;|10268|
|10435|;|256|;|10435|
|10436|;|257|;|10436|
|10437|;|257|;|10437|
|10438|;|257|;|10438|
|10439|;|257|;|10439|
|10269|;|176|;|10269|
|10440|;|257|;|10440|
|10441|;|258|;|10441|
|10442|;|258|;|10442|
|10443|;|258|;|10443|
|10444|;|258|;|10444|
|10270|;|176|;|10270|
|10445|;|258|;|10445|
|10446|;|259|;|10446|
|10447|;|259|;|10447|
|10448|;|259|;|10448|
|10292|;|185|;|10292|
|10449|;|259|;|10449|
|10271|;|176|;|10271|
|10450|;|259|;|10450|
|10451|;|260|;|10451|
|10452|;|260|;|10452|
|10453|;|260|;|10453|
|10299|;|190|;|10299|
|10454|;|260|;|10454|
|10272|;|176|;|10272|
|10455|;|260|;|10455|
|10456|;|261|;|10456|
|10457|;|261|;|10457|
|10458|;|261|;|10458|
|10246|;|167|;|10246|
|10306|;|192|;|10306|
|10459|;|261|;|10459|
|10273|;|177|;|10273|
|10460|;|261|;|10460|
|10461|;|262|;|10461|
|10462|;|262|;|10462|
|10463|;|262|;|10463|
|10314|;|201|;|10314|
|10464|;|262|;|10464|
|10274|;|177|;|10274|
|10465|;|262|;|10465|
|10466|;|263|;|10466|
|10467|;|263|;|10467|
|10310|;|200|;|10310|
|10468|;|263|;|10468|
|10469|;|263|;|10469|
|10275|;|177|;|10275|
|10470|;|263|;|10470|
|10471|;|264|;|10471|
|10472|;|264|;|10472|
|10473|;|264|;|10473|
|10293|;|187|;|10293|
|10474|;|264|;|10474|
|10276|;|177|;|10276|
|10475|;|266|;|10475|
|10476|;|266|;|10476|
|10477|;|266|;|10477|
|10478|;|266|;|10478|
|10479|;|266|;|10479|
|10277|;|177|;|10277|
|10480|;|267|;|10480|
|10481|;|267|;|10481|
|10482|;|267|;|10482|
|10483|;|267|;|10483|
|10307|;|200|;|10307|
|10484|;|267|;|10484|
|10278|;|178|;|10278|
|10485|;|270|;|10485|
|10486|;|270|;|10486|
|10487|;|270|;|10487|
|10488|;|270|;|10488|
|10489|;|270|;|10489|
|10279|;|178|;|10279|
|10490|;|271|;|10490|
|10491|;|271|;|10491|
|10492|;|271|;|10492|
|10242|;|166|;|10242|
|10493|;|271|;|10493|
|10494|;|272|;|10494|
|10280|;|178|;|10280|
|10495|;|272|;|10495|
|10496|;|272|;|10496|
|10497|;|272|;|10497|
|10498|;|272|;|10498|
|10294|;|187|;|10294|
|10499|;|273|;|10499|
|10281|;|178|;|10281|
|10500|;|273|;|10500|
|10313|;|201|;|10313|
|10501|;|273|;|10501|
|10502|;|273|;|10502|
|10503|;|273|;|10503|
|10504|;|274|;|10504|
|10282|;|178|;|10282|
|10505|;|274|;|10505|
|10506|;|274|;|10506|
|10507|;|274|;|10507|
|10508|;|274|;|10508|
|10308|;|200|;|10308|
|10509|;|276|;|10509|
|10283|;|183|;|10283|
|10510|;|276|;|10510|
|10511|;|276|;|10511|
|10300|;|190|;|10300|
|10512|;|276|;|10512|
|10420|;|243|;|10420|
|10513|;|276|;|10513|
|10514|;|277|;|10514|
|10284|;|183|;|10284|
|10515|;|277|;|10515|
|10311|;|200|;|10311|
|10516|;|277|;|10516|
|10517|;|277|;|10517|
|10518|;|277|;|10518|
|10519|;|278|;|10519|
|10285|;|183|;|10285|
|10520|;|278|;|10520|
|10521|;|278|;|10521|
|10522|;|278|;|10522|
|10523|;|278|;|10523|
|10295|;|187|;|10295|
|10524|;|279|;|10524|
|10286|;|183|;|10286|
|10525|;|279|;|10525|
|10245|;|167|;|10245|
|10526|;|279|;|10526|
|10527|;|279|;|10527|
|10528|;|279|;|10528|
|10529|;|281|;|10529|
|10287|;|183|;|10287|
|10530|;|281|;|10530|
|10531|;|281|;|10531|
|10532|;|281|;|10532|
|10533|;|281|;|10533|
|10309|;|200|;|10309|
|10288|;|185|;|10288|
|10241|;|166|;|10241|
|10289|;|185|;|10289|
|10001|;|77|;|10001|
|10002|;|77|;|10002|
|10003|;|77|;|10003|
|10004|;|77|;|10004|
|10005|;|77|;|10005|
|10006|;|78|;|10006|
|10007|;|78|;|10007|
|10008|;|78|;|10008|
|10009|;|78|;|10009|
|10010|;|78|;|10010|
|10011|;|79|;|10011|
|10012|;|79|;|10012|
|10013|;|79|;|10013|
|10014|;|79|;|10014|
|10015|;|79|;|10015|
|10016|;|81|;|10016|
|10017|;|81|;|10017|
|10018|;|81|;|10018|
|10019|;|81|;|10019|
|10020|;|81|;|10020|
|10021|;|82|;|10021|
|10022|;|82|;|10022|
|10023|;|82|;|10023|
|10024|;|82|;|10024|
|10025|;|82|;|10025|
|10026|;|83|;|10026|
|10027|;|83|;|10027|
|10028|;|83|;|10028|
|10029|;|83|;|10029|
|10030|;|83|;|10030|
|10031|;|87|;|10031|
|10032|;|87|;|10032|
|10033|;|87|;|10033|
|10034|;|87|;|10034|
|10035|;|87|;|10035|
|10036|;|88|;|10036|
|10037|;|88|;|10037|
|10038|;|88|;|10038|
|10039|;|88|;|10039|
|10040|;|88|;|10040|
|10041|;|89|;|10041|
|10042|;|89|;|10042|
|10043|;|89|;|10043|
|10044|;|89|;|10044|
|10045|;|89|;|10045|
|10046|;|90|;|10046|
|10047|;|90|;|10047|
|10048|;|90|;|10048|
|10049|;|90|;|10049|
|10050|;|90|;|10050|
|10051|;|91|;|10051|
|10052|;|91|;|10052|
|10053|;|91|;|10053|
|10054|;|91|;|10054|
|10055|;|92|;|10055|
|10056|;|92|;|10056|
|10057|;|92|;|10057|
|10058|;|92|;|10058|
|10059|;|92|;|10059|
|10060|;|93|;|10060|
|10061|;|93|;|10061|
|10062|;|93|;|10062|
|10063|;|93|;|10063|
|10064|;|93|;|10064|
|10065|;|94|;|10065|
|10066|;|94|;|10066|
|10067|;|94|;|10067|
|10068|;|94|;|10068|
|10069|;|94|;|10069|
|10070|;|95|;|10070|
|10071|;|95|;|10071|
|10072|;|95|;|10072|
|10073|;|95|;|10073|
|10074|;|95|;|10074|
|10075|;|96|;|10075|
|10076|;|96|;|10076|
|10077|;|96|;|10077|
|10078|;|96|;|10078|
|10079|;|96|;|10079|
|10080|;|97|;|10080|
|10081|;|97|;|10081|
|10082|;|97|;|10082|
|10083|;|97|;|10083|
|10084|;|97|;|10084|
|10085|;|98|;|10085|
|10086|;|98|;|10086|
|10087|;|98|;|10087|
|10088|;|98|;|10088|
|10089|;|98|;|10089|
|10090|;|101|;|10090|
|10091|;|101|;|10091|
|10092|;|101|;|10092|
|10093|;|101|;|10093|
|10094|;|101|;|10094|
|10095|;|102|;|10095|
|10096|;|102|;|10096|
|10097|;|102|;|10097|
|10098|;|102|;|10098|
|10099|;|102|;|10099|
|10100|;|103|;|10100|
|10101|;|103|;|10101|
|10102|;|103|;|10102|
|10103|;|103|;|10103|
|10104|;|104|;|10104|
|10105|;|104|;|10105|
|10106|;|104|;|10106|
|10107|;|104|;|10107|
|10108|;|104|;|10108|
|10109|;|105|;|10109|
|10110|;|105|;|10110|
|10111|;|105|;|10111|
|10112|;|105|;|10112|
|10113|;|105|;|10113|
|10114|;|106|;|10114|
|10115|;|106|;|10115|
|10116|;|106|;|10116|
|10117|;|106|;|10117|
|10118|;|106|;|10118|
|10119|;|107|;|10119|
|10120|;|107|;|10120|
|10121|;|107|;|10121|
|10122|;|107|;|10122|
|10123|;|108|;|10123|
|10124|;|108|;|10124|
|10125|;|108|;|10125|
|10126|;|108|;|10126|
|10127|;|108|;|10127|
|10128|;|110|;|10128|
|10129|;|110|;|10129|
|10130|;|110|;|10130|
|10131|;|110|;|10131|
|10132|;|111|;|10132|
|10133|;|111|;|10133|
|10134|;|111|;|10134|
|10135|;|111|;|10135|
|10136|;|112|;|10136|
|10137|;|112|;|10137|
|10138|;|112|;|10138|
|10139|;|112|;|10139|
|10140|;|113|;|10140|
|10141|;|113|;|10141|
|10142|;|113|;|10142|
|10143|;|113|;|10143|
|10144|;|113|;|10144|
|10145|;|129|;|10145|
|10146|;|129|;|10146|
|10147|;|129|;|10147|
|10148|;|129|;|10148|
|10149|;|130|;|10149|
|10150|;|130|;|10150|
|10151|;|130|;|10151|
|10152|;|130|;|10152|
|10153|;|132|;|10153|
|10154|;|132|;|10154|
|10155|;|132|;|10155|
|10156|;|132|;|10156|
|10157|;|132|;|10157|
|10158|;|136|;|10158|
|10159|;|136|;|10159|
|10160|;|136|;|10160|
|10161|;|136|;|10161|
|10162|;|137|;|10162|
|10163|;|137|;|10163|
|10164|;|137|;|10164|
|10165|;|137|;|10165|
|10166|;|138|;|10166|
|10167|;|138|;|10167|
|10168|;|138|;|10168|
|10169|;|138|;|10169|
|10170|;|138|;|10170|
|10171|;|140|;|10171|
|10172|;|140|;|10172|
|10173|;|140|;|10173|
|10174|;|140|;|10174|
|10175|;|140|;|10175|
|10176|;|142|;|10176|
|10177|;|142|;|10177|
|10178|;|142|;|10178|
|10179|;|142|;|10179|
|10180|;|144|;|10180|
|10181|;|144|;|10181|
|10182|;|144|;|10182|
|10183|;|144|;|10183|
|10184|;|144|;|10184|
|10185|;|145|;|10185|
|10186|;|145|;|10186|
|10187|;|145|;|10187|
|10188|;|145|;|10188|
|10189|;|145|;|10189|
|10190|;|146|;|10190|
|10191|;|146|;|10191|
|10192|;|146|;|10192|
|10193|;|146|;|10193|
|10194|;|148|;|10194|
|10195|;|148|;|10195|
|10196|;|148|;|10196|
|10197|;|148|;|10197|
|10198|;|148|;|10198|
|10199|;|149|;|10199|
|10200|;|149|;|10200|
|10201|;|149|;|10201|
|10202|;|149|;|10202|
|10203|;|149|;|10203|
|10204|;|150|;|10204|
|10205|;|150|;|10205|
|10206|;|150|;|10206|
|10207|;|150|;|10207|
|10208|;|150|;|10208|
|10209|;|151|;|10209|
|10210|;|151|;|10210|
|10211|;|151|;|10211|
|10212|;|151|;|10212|
|10213|;|152|;|10213|
|10214|;|152|;|10214|
|10215|;|152|;|10215|
|10216|;|152|;|10216|
|10217|;|152|;|10217|
|10218|;|156|;|10218|
|10219|;|156|;|10219|
|10220|;|156|;|10220|
|10221|;|156|;|10221|
|10222|;|157|;|10222|
|10223|;|157|;|10223|
|10224|;|157|;|10224|
|10225|;|157|;|10225|
|10226|;|158|;|10226|
|10227|;|158|;|10227|
|10228|;|158|;|10228|
|10229|;|158|;|10229|
|10230|;|158|;|10230|
|10231|;|163|;|10231|
|10232|;|163|;|10232|
|10233|;|163|;|10233|
|10234|;|163|;|10234|
|10235|;|164|;|10235|
|10236|;|164|;|10236|
|10237|;|164|;|10237|
|10238|;|164|;|10238|
|10239|;|164|;|10239|
